

未税金额
税额6%

26263.33
1575.8

16353.57
981.21

27447.36
1646.84

26546.35
1592.78

27456.93
1647.42

31445.17
1886.71

26546.35
1592.78

30981.68
1858.9

27447.36
1646.84

26546.35
1592.78

97544.43
5852.67

26230.52
1573.83

28614.98
1716.9

30185.94
1811.16

30981.68
1858.9

27447.36
1646.84

30185.94
1811.16

30468.96
1828.14

30185.94
1811.16

27447.36
1646.84

31445.17
1886.71

32709.87
1962.59

31445.18
1886.71

23400.33
1404.02

32709.87
1962.59

24207
1452.42

23400.33
1404.02

24794.92
1487.69

32860.26
1971.62

36471.15
2188.27

26546.35
1592.78


undefined